tirePopperCarId;Time Survived;Kills;Rank;Used Nitros;Damaged Tires;
4;12;0;6;0;4;
5;3;1;7;0;6;
8;60;2;1;4;7;
9;49;1;4;3;12;
0;4;3;7;1;10;
6;8;1;5;0;5;
7;8;2;6;0;10;
8;45;0;2;3;3;
0;10;2;7;1;15;
5;21;1;6;1;8;
9;3;0;13;1;1;
12;0;0;16;0;3;
2;5;1;9;1;8;
5;18;2;5;1;8;
8;26;4;3;0;11;
15;8;1;7;0;7;
5;60;1;1;0;5;
11;60;2;1;1;5;
12;21;1;3;1;1;
15;6;2;7;0;7;
2;0;0;16;0;1;
3;21;0;4;1;0;
5;7;0;7;2;6;
8;2;1;12;0;5;
8;0;0;16;0;0;
11;22;3;3;0;23;
12;1;1;12;0;10;
14;60;4;1;0;16;
1;7;0;6;1;0;
2;5;1;11;1;7;
4;0;0;15;0;0;
12;5;2;9;1;18;
1;1;0;15;0;1;
3;11;0;4;0;0;
8;4;0;10;0;0;
14;8;1;5;1;13;
3;47;2;1;0;13;
6;0;0;13;0;1;
10;30;1;3;2;7;
13;0;0;14;0;3;
3;13;3;6;1;14;
9;21;0;5;1;6;
10;60;0;1;3;2;
11;34;3;3;0;10;
8;0;0;15;0;2;
11;10;1;6;1;8;
12;24;1;4;0;6;
13;7;0;8;0;1;
3;4;1;7;0;13;
4;4;2;8;0;7;
10;30;3;2;1;13;
12;1;2;12;0;10;
3;17;2;5;0;10;
5;19;2;4;1;11;
7;42;4;1;2;13;
11;0;0;16;0;0;
6;31;1;2;2;6;
8;31;1;1;0;4;
10;7;2;6;0;12;
14;16;4;3;1;12;
5;14;2;6;1;10;
9;5;0;12;1;2;
13;5;0;13;1;0;
14;18;3;4;0;10;
3;2;1;12;1;5;
5;1;0;13;0;6;
13;0;0;15;0;3;
14;11;4;3;0;15;
0;3;1;10;0;11;
1;14;2;4;2;4;
3;5;2;9;0;4;
15;14;3;3;0;13;
2;15;2;5;1;15;
4;21;2;3;1;12;
7;39;4;1;0;13;
14;11;1;7;0;7;
4;4;0;13;0;7;
7;15;3;6;1;10;
11;18;2;4;1;13;
13;0;0;15;0;1;
1;54;2;3;2;11;
4;4;1;11;0;5;
11;0;1;14;0;5;
14;2;0;13;0;2;
1;60;1;1;1;5;
2;17;3;5;1;15;
4;0;0;16;0;0;
5;60;2;1;2;16;
1;26;2;3;1;11;
6;4;0;10;1;5;
7;4;1;9;0;4;
9;3;0;12;0;3;
1;2;0;10;0;0;
2;3;0;8;0;3;
3;6;1;4;0;5;
7;5;0;6;0;3;
1;6;3;5;0;11;
2;1;1;11;0;7;
11;0;0;15;0;1;
14;23;7;2;0;28;
3;10;1;4;0;7;
6;5;1;9;0;4;
11;4;1;10;0;3;
13;8;1;5;0;6;
1;60;3;1;1;9;
7;13;0;5;0;1;
9;2;3;12;0;7;
15;19;2;4;0;13;
0;3;1;10;0;4;
1;2;1;12;0;4;
12;0;0;16;0;0;
14;9;1;5;0;6;
1;4;1;8;0;5;
2;2;0;12;0;0;
14;1;0;16;1;0;
15;60;4;1;5;18;
5;6;0;8;2;1;
6;4;0;9;0;1;
7;2;3;11;0;12;
11;16;1;4;4;6;
1;2;0;10;1;3;
3;2;0;11;0;3;
9;23;2;4;0;8;
15;60;1;1;1;2;
3;7;0;5;0;1;
6;0;1;15;0;5;
10;24;3;2;1;11;
15;1;1;10;1;19;
0;2;1;11;0;4;
3;2;0;13;0;3;
6;16;3;5;0;11;
9;14;0;7;0;4;
2;2;0;12;0;1;
4;0;0;14;0;0;
7;39;1;2;1;7;
14;11;2;6;1;12;
4;3;0;11;0;10;
6;12;3;4;0;16;
7;3;0;10;1;5;
11;43;3;2;2;12;
1;0;0;14;0;1;
7;25;1;4;0;5;
8;23;1;5;0;9;
15;25;2;2;0;9;
0;29;4;3;1;21;
5;0;0;16;0;1;
6;1;0;14;0;0;
9;10;2;7;1;10;
1;17;1;7;1;10;
3;11;2;9;0;15;
10;25;3;4;2;13;
14;60;1;1;0;4;
4;3;0;9;0;3;
5;0;0;15;0;2;
13;52;3;1;2;11;
14;26;3;3;1;15;
0;36;3;2;2;15;
7;4;0;9;0;1;
9;6;2;5;1;10;
11;36;2;1;0;10;
1;2;2;11;0;8;
4;0;0;15;0;0;
6;3;0;10;0;0;
7;44;6;1;0;23;
5;0;0;15;0;1;
8;23;3;4;0;11;
9;14;0;6;0;1;
14;19;2;5;1;15;
4;7;1;8;0;12;
10;60;1;1;3;4;
13;1;0;13;0;0;
15;7;1;7;0;5;
1;10;1;6;0;12;
2;17;2;5;0;9;
10;9;1;7;0;9;
11;56;1;3;3;12;
4;60;2;1;1;6;
7;4;2;10;0;14;
13;9;3;6;0;7;
14;0;0;15;0;0;
1;40;1;4;1;10;
6;7;1;7;0;8;
9;15;1;5;1;3;
10;2;1;12;1;12;
0;60;2;1;0;9;
9;60;1;1;0;4;
11;1;0;11;0;1;
14;12;3;5;1;22;
0;3;0;12;0;4;
1;6;1;10;1;7;
8;18;5;5;1;25;
13;48;2;2;0;6;
2;4;0;12;0;0;
3;4;1;13;1;19;
6;16;1;6;0;4;
13;12;1;8;0;5;
4;7;1;8;1;2;
5;48;1;3;1;3;
6;8;1;6;0;5;
15;10;1;5;0;13;
0;10;1;8;0;5;
5;16;1;6;2;4;
9;41;2;3;1;8;
15;8;0;10;1;2;
8;0;0;15;0;0;
10;0;2;13;0;9;
13;8;1;5;2;6;
14;60;2;1;2;11;
0;28;3;3;0;10;
2;8;0;7;1;4;
3;2;0;8;0;2;
6;1;2;12;0;9;
2;47;3;1;0;12;
3;3;1;10;0;5;
6;2;0;13;0;5;
14;3;1;9;0;9;
0;0;0;16;0;4;
1;60;0;1;0;3;
9;25;1;5;0;8;
13;60;2;1;1;6;
1;16;0;6;0;4;
5;4;2;9;0;10;
12;8;3;8;0;19;
14;28;0;4;1;2;
9;2;1;8;1;12;
11;1;0;11;0;2;
13;13;2;5;0;5;
15;60;3;1;3;6;
0;3;0;9;0;2;
1;17;2;4;0;6;
3;2;0;10;0;7;
4;60;1;1;3;6;
3;3;0;9;0;0;
12;16;2;6;0;8;
13;53;2;1;0;2;
14;53;5;2;1;21;
6;8;0;10;0;10;
8;2;0;15;0;0;
9;53;4;1;0;13;
13;12;1;6;1;11;
1;12;0;5;1;0;
4;3;0;7;1;0;
12;19;0;3;0;2;
14;9;2;6;0;11;
3;2;0;13;0;0;
6;25;5;1;0;19;
7;0;0;14;0;1;
10;7;1;7;0;12;
7;1;0;12;0;1;
8;34;3;3;0;11;
11;32;2;4;0;17;
14;0;0;13;0;1;
6;19;3;2;0;8;
12;5;0;8;1;1;
13;0;0;16;0;0;
15;3;1;10;0;6;
2;0;0;15;0;0;
11;2;0;11;0;0;
13;42;1;4;0;5;
14;7;4;7;0;17;
1;6;1;8;1;10;
4;0;0;16;0;4;
14;12;2;4;0;9;
15;12;1;6;1;13;
0;60;2;1;0;8;
3;13;4;5;0;12;
7;12;1;7;0;7;
14;2;2;11;1;11;
1;60;2;1;2;17;
4;9;1;8;0;5;
9;38;2;4;1;10;
13;7;0;9;2;4;
6;60;1;1;1;3;
8;21;2;4;2;15;
9;0;0;15;0;0;
15;22;1;3;1;5;
2;20;1;6;1;8;
6;60;1;1;0;6;
7;18;1;7;1;12;
13;3;0;13;1;14;
0;25;5;1;0;10;
1;1;0;14;0;1;
9;14;3;3;2;15;
15;3;0;12;1;1;
1;16;1;6;1;10;
2;20;3;4;1;20;
14;4;0;11;0;1;
15;17;1;5;2;12;
4;4;1;9;1;5;
9;37;2;3;0;11;
11;3;1;12;0;12;
13;60;2;1;2;9;
1;36;0;3;1;0;
6;9;0;9;0;0;
9;60;2;1;2;12;
10;11;3;7;1;13;
0;49;4;3;0;19;
1;9;0;9;0;0;
8;1;0;12;0;0;
12;23;2;5;1;14;
5;60;3;1;1;15;
6;0;0;16;0;1;
8;5;1;10;0;8;
10;14;3;5;0;10;
0;43;2;1;1;5;
10;1;0;13;0;7;
13;12;2;5;0;13;
14;36;2;3;1;9;
2;6;0;7;0;0;
10;2;0;13;0;3;
11;33;3;1;2;12;
14;23;1;3;1;3;
1;30;2;1;3;9;
5;12;1;6;1;3;
9;10;2;7;0;10;
10;30;1;2;1;5;
0;3;2;8;0;10;
4;9;0;5;0;0;
6;9;0;6;2;0;
7;16;2;4;0;8;
1;3;0;7;1;0;
3;0;0;13;0;2;
9;3;1;8;1;6;
15;33;2;2;0;10;
0;2;0;12;1;2;
6;57;2;2;1;7;
11;57;2;1;3;4;
14;30;1;4;0;2;
3;15;0;6;1;0;
4;60;1;1;0;5;
12;37;2;5;0;8;
14;60;1;1;1;2;
7;14;0;5;1;7;
9;4;1;11;1;4;
10;18;1;3;0;1;
15;10;0;7;0;4;
0;15;1;4;1;3;
10;28;0;3;1;5;
12;7;1;8;0;8;
13;0;0;15;0;0;
1;7;1;9;0;8;
4;11;0;6;0;5;
14;60;1;1;1;1;
15;43;2;4;0;11;
1;15;0;7;1;2;
4;52;2;3;0;9;
13;60;2;1;3;9;
14;12;1;8;1;7;
0;1;1;12;0;5;
3;6;4;7;0;17;
7;2;1;11;1;11;
13;19;2;4;0;14;
3;26;1;3;1;5;
5;18;1;4;0;6;
6;60;1;1;0;2;
14;4;4;9;0;18;
1;10;1;7;0;7;
2;8;0;9;0;1;
5;20;1;4;0;7;
9;4;1;12;0;5;
2;10;0;7;0;4;
3;34;2;3;1;11;
4;1;0;13;0;0;
14;2;1;10;0;10;
3;2;0;13;0;0;
10;4;0;9;0;7;
14;24;4;4;2;20;
15;30;3;3;1;24;
3;1;0;13;1;1;
4;2;0;11;1;0;
13;15;0;5;1;9;
14;0;0;15;0;1;
1;7;1;9;0;14;
4;18;1;5;1;6;
7;37;3;1;0;12;
9;2;0;15;1;2;
1;11;3;3;0;8;
9;5;0;9;0;4;
12;8;1;6;0;7;
14;2;1;13;0;7;
0;56;3;1;1;12;
6;56;3;2;2;12;
9;2;3;9;0;14;
10;16;2;4;0;12;
0;22;1;4;2;9;
4;0;0;16;0;0;
7;3;0;11;0;7;
15;34;2;3;3;6;
3;0;0;14;1;1;
5;4;1;8;0;10;
11;0;1;15;0;5;
15;9;0;6;0;6;
6;27;5;1;2;16;
8;0;0;15;0;0;
10;4;0;11;0;1;
12;7;2;8;0;14;
0;4;1;8;0;4;
4;60;2;1;2;21;
12;9;1;6;1;10;
13;60;2;1;4;12;
