SamochodZwykly;SamochodWybuchowy;SamochodLaserowy;SamochodOponowy;
7;8;10;9;
9;9;11;4;
9;10;5;8;
9;8;7;9;
5;13;8;6;
8;6;12;6;
7;6;12;8;
10;11;6;4;
6;10;7;10;
10;10;7;6;
9;10;7;7;
13;7;7;6;
9;7;9;7;
12;9;5;7;
10;8;6;8;
7;12;7;6;
8;7;9;8;
9;9;7;8;
9;8;10;4;
5;8;8;11;
10;7;8;6;
4;7;12;10;
6;13;6;7;
9;8;9;7;
5;12;8;8;
10;11;5;6;
10;10;6;7;
9;10;8;6;
7;10;11;4;
8;9;9;5;
11;8;6;8;
10;9;7;7;
9;4;13;6;
8;8;10;7;
8;11;7;7;
7;11;9;4;
6;12;10;5;
10;7;5;10;
6;12;10;5;
9;7;5;11;
9;8;6;9;
11;9;8;5;
6;11;8;8;
12;11;3;6;
6;11;9;7;
11;8;10;4;
12;8;9;3;
11;6;7;9;
11;9;7;6;
11;9;7;6;
7;11;8;5;
6;9;7;10;
10;8;8;7;
12;7;9;5;
10;8;11;2;
8;8;8;8;
12;9;7;4;
10;5;12;5;
10;9;11;2;
9;7;8;8;
8;6;10;9;
7;12;11;3;
6;9;8;9;
8;10;10;4;
6;10;7;9;
12;8;8;4;
7;11;7;8;
11;11;4;7;
9;8;9;6;
11;8;7;6;
3;11;11;7;
11;6;6;9;
9;8;10;6;
9;7;12;5;
9;8;10;5;
11;7;11;3;
5;10;8;10;
6;10;9;7;
8;10;9;5;
6;12;7;6;
10;6;10;6;
12;9;3;8;
8;11;7;6;
8;10;6;8;
8;11;9;4;
10;10;7;5;
11;8;8;6;
8;7;11;6;
11;8;7;6;
7;10;10;6;
3;10;9;10;
10;5;11;7;
12;2;9;9;
8;10;8;6;
10;11;6;6;
8;10;8;6;
6;8;11;7;
8;7;11;6;
10;5;12;5;
11;8;7;7;
