laserCarId;Time Survived;Kills;Rank;Used Nitros;
1;49;0;2;0;
4;2;0;13;0;
5;1;0;14;0;
15;49;1;1;2;
1;2;1;9;0;
2;0;1;15;0;
11;1;0;12;0;
12;1;0;13;0;
0;6;1;7;0;
2;47;4;2;1;
4;1;0;12;0;
11;0;0;15;0;
5;2;0;11;0;
6;1;0;14;0;
13;2;0;9;2;
14;60;6;1;1;
2;6;1;10;0;
3;60;4;1;0;
4;60;0;1;2;
7;10;1;6;1;
2;39;4;1;0;
12;0;0;15;0;
14;0;1;14;0;
15;39;2;2;0;
0;7;0;6;0;
8;0;0;16;0;
11;1;1;13;0;
13;9;3;4;1;
0;4;0;7;0;
9;2;0;13;1;
12;21;3;5;1;
14;4;2;8;0;
2;8;2;6;0;
4;1;1;11;1;
7;3;0;9;0;
13;0;0;15;0;
0;3;0;9;1;
2;0;0;15;0;
3;4;0;8;0;
5;6;0;7;1;
0;60;1;1;0;
1;3;1;12;1;
6;1;0;14;1;
12;60;2;1;0;
4;14;2;4;0;
5;0;0;16;1;
13;0;0;15;0;
15;6;1;9;1;
5;60;1;1;1;
12;1;0;13;0;
13;60;4;1;1;
14;14;2;5;0;
2;4;1;6;1;
7;0;0;16;0;
8;4;3;7;0;
13;45;1;1;0;
2;3;1;8;0;
3;2;0;12;1;
4;2;2;10;1;
8;8;2;5;0;
1;3;0;10;0;
7;2;0;14;0;
9;1;0;16;0;
10;1;1;15;0;
0;39;2;1;1;
10;0;0;16;0;
11;0;0;11;0;
15;3;1;7;1;
6;5;1;6;1;
7;2;0;11;0;
13;1;0;12;0;
15;3;2;10;0;
0;49;0;2;1;
7;2;0;11;0;
14;49;5;1;0;
15;9;0;7;2;
4;3;1;9;0;
5;0;0;12;0;
11;4;1;8;0;
15;60;1;1;1;
1;7;0;9;0;
2;6;0;10;0;
4;36;1;1;0;
14;2;0;15;0;
2;2;0;12;0;
5;2;0;15;0;
8;4;2;6;1;
9;12;1;3;0;
1;20;1;3;0;
2;0;0;16;0;
5;1;0;12;0;
13;25;5;2;2;
3;26;3;2;2;
4;5;0;6;0;
10;26;1;1;0;
15;2;1;11;1;
0;40;0;2;0;
2;6;0;6;1;
5;0;0;16;0;
10;14;2;4;0;
0;24;1;2;0;
4;24;1;1;0;
5;3;0;11;1;
7;1;0;13;0;
2;3;1;6;0;
4;0;0;15;0;
11;2;1;9;0;
14;1;1;12;0;
0;60;1;1;0;
1;11;2;4;0;
2;1;0;14;0;
9;22;1;3;0;
5;0;0;16;0;
12;60;3;1;1;
13;60;5;1;2;
14;2;0;9;0;
1;0;0;16;0;
6;5;0;8;0;
7;7;0;6;1;
14;60;2;1;1;
1;0;0;14;0;
3;0;0;13;0;
6;41;1;3;0;
12;1;0;11;0;
0;1;0;13;0;
7;1;0;14;0;
11;0;0;15;0;
12;44;3;3;1;
1;10;1;6;0;
4;1;0;10;0;
5;22;1;4;0;
6;4;1;9;0;
9;1;0;13;0;
10;4;1;6;0;
11;14;1;3;1;
14;1;1;12;1;
4;4;1;7;1;
8;7;2;5;0;
9;0;0;15;0;
15;18;6;1;0;
1;1;0;11;0;
4;5;0;7;0;
5;3;1;8;0;
9;54;3;2;0;
7;0;0;15;0;
9;0;1;14;0;
10;2;1;11;0;
13;12;2;2;2;
7;1;1;12;0;
8;0;0;13;0;
10;2;0;11;0;
15;6;3;5;1;
2;1;0;12;1;
8;10;2;3;0;
11;2;0;11;0;
14;0;0;14;0;
1;0;0;15;0;
3;37;2;4;1;
7;4;0;11;1;
11;7;0;10;1;
0;17;0;4;0;
8;3;1;9;0;
9;2;2;11;1;
10;1;0;15;0;
2;2;1;11;1;
4;9;1;6;0;
5;60;1;1;1;
14;3;0;10;0;
6;1;0;12;1;
11;2;0;11;1;
13;20;5;4;1;
15;1;0;13;0;
1;40;1;2;2;
8;1;1;14;0;
12;2;0;13;0;
13;40;5;1;0;
1;50;1;2;2;
5;3;0;7;0;
6;3;0;9;1;
14;5;2;6;1;
8;2;0;14;0;
9;23;3;3;2;
13;0;0;16;0;
14;35;6;2;0;
2;1;0;12;0;
6;4;0;9;0;
10;0;0;16;0;
13;2;0;11;0;
1;4;1;9;0;
7;2;0;12;0;
13;18;1;5;2;
15;3;0;10;0;
3;1;0;11;0;
4;3;1;8;0;
7;5;0;7;0;
10;0;0;16;0;
1;4;1;8;0;
3;1;0;12;0;
5;8;2;6;0;
9;0;0;15;0;
0;60;1;1;1;
1;1;0;14;0;
5;11;1;5;1;
14;24;3;3;1;
5;2;0;11;0;
6;1;0;14;0;
8;1;1;13;0;
13;2;0;10;0;
0;4;0;9;0;
10;21;3;1;1;
11;6;1;7;0;
12;6;1;6;0;
1;60;0;1;0;
9;0;0;14;1;
10;7;2;6;1;
12;60;4;1;4;
2;0;0;14;0;
9;0;0;16;0;
10;0;0;13;0;
15;23;2;2;0;
3;0;0;16;0;
11;2;0;9;1;
14;13;2;4;0;
15;40;4;2;1;
6;3;2;9;0;
9;11;2;3;1;
10;4;0;7;0;
15;60;5;1;0;
1;0;0;15;0;
4;1;0;12;1;
7;0;0;13;0;
10;0;0;14;0;
1;3;1;5;0;
5;13;1;3;2;
11;0;0;15;0;
14;48;4;2;1;
2;60;0;1;2;
5;26;2;4;2;
10;0;0;15;1;
13;2;1;12;0;
0;3;0;9;0;
10;11;2;5;0;
12;22;3;1;1;
13;3;2;8;1;
2;0;0;15;0;
4;7;2;6;0;
11;2;0;10;0;
14;0;0;16;0;
0;2;0;13;0;
4;5;2;6;0;
8;5;1;7;0;
13;3;0;9;0;
1;4;0;12;0;
3;6;0;8;2;
6;2;0;15;0;
9;2;0;14;0;
1;1;0;15;0;
2;2;0;13;1;
13;3;2;8;0;
15;2;0;11;0;
5;21;1;3;2;
10;5;0;7;0;
11;1;0;14;0;
12;8;1;6;0;
10;5;1;5;0;
11;0;0;14;0;
12;9;2;1;1;
15;2;0;9;0;
0;20;2;3;1;
7;4;0;10;0;
11;0;0;16;0;
13;10;3;5;1;
1;2;1;14;1;
11;8;2;5;2;
13;2;0;12;0;
14;60;3;1;1;
0;0;0;16;0;
3;28;2;3;0;
11;15;5;5;0;
12;2;0;13;0;
2;10;0;5;0;
4;2;0;12;0;
11;6;1;8;0;
13;1;0;13;1;
2;0;0;16;0;
11;0;0;14;0;
12;11;2;3;0;
15;7;2;5;0;
0;2;1;10;0;
6;1;0;14;1;
12;0;0;15;0;
13;1;1;11;0;
3;2;0;10;0;
8;60;3;1;1;
13;1;0;12;0;
14;1;0;13;1;
2;4;1;7;0;
5;3;0;8;1;
6;3;0;10;1;
8;0;0;16;0;
0;2;0;11;0;
2;8;1;7;0;
7;0;0;15;0;
14;11;2;3;1;
10;9;2;5;1;
12;0;0;15;0;
13;0;1;14;0;
14;9;2;4;1;
2;0;0;15;0;
5;0;0;16;0;
8;1;0;13;0;
14;21;2;2;1;
1;1;3;13;0;
2;3;0;6;0;
12;1;0;12;0;
15;2;2;9;0;
1;3;0;9;0;
13;7;2;3;1;
14;3;2;5;0;
15;14;4;1;1;
3;1;1;11;0;
6;0;0;16;0;
9;0;0;15;0;
10;19;3;1;2;
4;7;0;8;2;
8;3;1;12;0;
13;2;0;15;0;
14;30;2;3;0;
3;1;0;12;1;
4;3;0;9;0;
6;5;3;7;0;
7;7;1;6;1;
4;1;0;12;0;
10;16;0;3;0;
12;2;0;8;0;
15;38;4;1;1;
1;0;0;15;0;
4;60;0;1;1;
12;10;2;6;1;
15;25;4;4;1;
1;0;0;16;0;
8;1;1;13;0;
9;7;2;6;0;
13;0;0;15;0;
2;0;0;16;0;
4;0;0;12;0;
6;0;0;15;0;
8;0;0;11;0;
3;48;1;2;2;
6;7;0;6;0;
12;1;0;13;0;
14;48;6;1;0;
1;14;1;2;2;
3;0;0;12;0;
11;2;0;10;0;
15;6;0;6;0;
3;11;3;4;0;
5;0;0;16;0;
13;6;1;7;1;
14;14;2;3;0;
1;48;1;2;3;
6;48;2;1;0;
9;1;0;9;0;
11;0;0;13;0;
1;0;0;14;0;
5;2;1;10;0;
9;54;2;2;1;
10;34;1;3;0;
1;7;3;3;0;
6;1;0;12;0;
9;4;1;7;1;
10;1;0;11;0;
1;0;0;16;0;
4;27;2;3;1;
5;2;0;10;0;
9;1;0;14;0;
2;6;1;8;0;
6;60;1;1;1;
8;2;0;9;1;
13;0;0;15;0;
1;3;0;10;0;
12;9;2;5;1;
13;29;2;2;0;
15;29;3;1;1;
2;2;0;11;0;
6;2;2;9;1;
9;5;0;6;0;
12;1;1;13;0;
4;3;0;9;0;
12;0;0;11;0;
13;16;1;3;1;
14;0;0;15;0;
0;2;0;11;0;
6;1;0;14;0;
7;6;1;6;1;
9;60;2;1;2;
1;20;0;1;0;
7;4;1;8;1;
8;0;0;14;0;
11;0;0;16;0;
