Weight;SimulationLength;CarsSurvived;
1000;30;4;
1000;30;5;
1000;30;4;
1000;30;2;
1000;15;1;
1000;30;3;
1000;14;0;
1000;30;3;
1000;30;3;
1000;30;2;
1000;30;4;
1000;30;2;
1000;30;4;
1000;30;2;
1000;30;3;
1000;30;3;
1000;30;3;
1000;30;2;
1000;30;4;
1000;30;2;
1000;30;3;
1000;30;4;
1000;20;1;
1000;30;4;
1000;30;3;
1000;30;3;
1000;30;2;
1000;30;3;
1000;30;4;
1000;26;1;
1000;30;3;
1000;30;3;
1000;30;2;
1000;30;4;
1000;29;1;
1000;30;3;
1000;30;3;
1000;30;4;
1000;30;4;
1000;30;4;
1000;26;1;
1000;30;4;
1000;30;4;
1000;30;3;
1000;30;2;
1000;30;2;
1000;30;2;
1000;30;3;
1000;30;4;
1000;30;5;
1000;26;1;
1000;30;2;
1000;30;3;
1000;30;2;
1000;30;4;
1000;30;2;
1000;27;1;
1000;30;5;
1000;26;0;
1000;30;2;
1000;30;3;
1000;30;3;
1000;30;3;
1000;30;4;
1000;30;3;
1000;30;2;
1000;30;4;
1000;30;3;
1000;30;2;
1000;30;3;
1000;30;2;
1000;30;3;
1000;30;3;
1000;30;2;
1000;30;4;
1000;30;3;
1000;30;3;
1000;30;3;
1000;30;4;
1000;30;4;
1000;30;2;
1000;30;3;
1000;30;4;
1000;25;1;
1000;30;4;
1000;30;3;
1000;30;2;
1000;30;3;
1000;30;2;
1000;30;4;
1000;30;3;
1000;30;2;
1000;26;1;
1000;30;4;
1000;30;3;
1000;30;3;
1000;30;3;
1000;30;2;
1000;30;2;
1000;30;4;
1200;30;2;
1200;30;3;
1200;30;3;
1200;30;3;
1200;30;3;
1200;30;2;
1200;30;3;
1200;30;2;
1200;30;3;
1200;23;1;
1200;30;3;
1200;30;3;
1200;30;4;
1200;30;1;
1200;30;3;
1200;30;3;
1200;30;3;
1200;28;1;
1200;30;3;
1200;30;4;
1200;30;3;
1200;30;4;
1200;30;3;
1200;30;4;
1200;30;2;
1200;30;2;
1200;29;1;
1200;30;3;
1200;30;3;
1200;30;3;
1200;30;2;
1200;30;5;
1200;30;2;
1200;30;3;
1200;30;3;
1200;30;2;
1200;30;2;
1200;30;4;
1200;30;3;
1200;30;3;
1200;30;3;
1200;30;2;
1200;30;2;
1200;30;3;
1200;30;4;
1200;30;3;
1200;30;4;
1200;30;3;
1200;30;2;
1200;30;3;
1200;30;4;
1200;30;4;
1200;30;3;
1200;30;4;
1200;30;3;
1200;30;2;
1200;30;2;
1200;30;4;
1200;30;2;
1200;30;4;
1200;30;3;
1200;30;2;
1200;30;4;
1200;30;2;
1200;30;3;
1200;30;2;
1200;30;3;
1200;30;2;
1200;30;4;
1200;30;3;
1200;30;2;
1200;30;3;
1200;30;2;
1200;12;1;
1200;27;1;
1200;30;3;
1200;30;4;
1200;30;3;
1200;30;5;
1200;30;3;
1200;30;4;
1200;30;4;
1200;30;4;
1200;30;5;
1200;16;1;
1200;30;4;
1200;30;3;
1200;30;3;
1200;30;4;
1200;30;2;
1200;30;3;
1200;30;2;
1200;30;3;
1200;30;3;
1200;30;5;
1200;30;2;
1200;30;2;
1200;30;3;
1200;30;3;
1200;30;3;
1400;30;3;
1400;30;3;
1400;30;3;
1400;30;3;
1400;30;3;
1400;30;4;
1400;30;2;
1400;30;1;
1400;30;2;
1400;30;4;
1400;30;2;
1400;30;2;
1400;30;2;
1400;30;3;
1400;30;3;
1400;30;2;
1400;30;2;
1400;30;3;
1400;30;6;
1400;30;3;
1400;30;2;
1400;30;5;
1400;30;3;
1400;30;4;
1400;30;5;
1400;23;1;
1400;30;3;
1400;30;2;
1400;30;4;
1400;30;2;
1400;30;2;
1400;30;3;
1400;30;3;
1400;30;5;
1400;30;3;
1400;30;3;
1400;30;4;
1400;30;3;
1400;20;1;
1400;30;2;
1400;30;2;
1400;30;3;
1400;30;4;
1400;30;3;
1400;30;4;
1400;30;5;
1400;30;2;
1400;30;3;
1400;30;5;
1400;30;3;
1400;30;4;
1400;30;5;
1400;30;2;
1400;30;3;
1400;30;3;
1400;30;3;
1400;30;3;
1400;30;2;
1400;30;2;
1400;30;4;
1400;30;4;
1400;30;3;
1400;30;2;
1400;30;2;
1400;30;4;
1400;30;2;
1400;30;3;
1400;30;5;
1400;30;4;
1400;30;2;
1400;30;3;
1400;30;4;
1400;30;3;
1400;30;6;
1400;30;3;
1400;30;4;
1400;30;3;
1400;30;2;
1400;30;4;
1400;30;2;
1400;30;2;
1400;30;3;
1400;30;4;
1400;30;2;
1400;25;1;
1400;30;2;
1400;30;3;
1400;30;3;
1400;30;4;
1400;30;2;
1400;30;4;
1400;30;3;
1400;30;4;
1400;30;3;
1400;30;3;
1400;30;3;
1400;30;3;
1400;30;3;
1400;30;3;
1400;30;3;
1600;30;5;
1600;25;1;
1600;30;4;
1600;30;3;
1600;30;4;
1600;30;6;
1600;30;4;
1600;30;4;
1600;30;4;
1600;30;3;
1600;30;4;
1600;30;4;
1600;30;4;
1600;30;4;
1600;30;3;
1600;30;3;
1600;30;5;
1600;30;4;
1600;30;3;
1600;30;6;
1600;30;3;
1600;30;3;
1600;30;3;
1600;30;3;
1600;30;4;
1600;30;2;
1600;30;5;
1600;30;4;
1600;30;4;
1600;30;4;
1600;30;2;
1600;30;3;
1600;30;4;
1600;30;3;
1600;30;3;
1600;30;4;
1600;30;4;
1600;30;3;
1600;30;6;
1600;30;4;
1600;30;4;
1600;30;2;
1600;30;2;
1600;30;6;
1600;30;3;
1600;30;3;
1600;29;1;
1600;30;4;
1600;30;3;
1600;30;3;
1600;30;4;
1600;30;4;
1600;30;4;
1600;30;5;
1600;30;4;
1600;30;2;
1600;30;4;
1600;30;4;
1600;30;2;
1600;30;3;
1600;30;3;
1600;30;3;
1600;30;5;
1600;30;4;
1600;30;5;
1600;28;1;
1600;30;2;
1600;30;4;
1600;30;3;
1600;30;2;
1600;30;4;
1600;30;4;
1600;30;3;
1600;30;4;
1600;30;3;
1600;30;2;
1600;30;3;
1600;30;5;
1600;30;3;
1600;30;4;
1600;30;4;
1600;30;3;
1600;30;4;
1600;30;5;
1600;30;2;
1600;30;2;
1600;30;3;
1600;30;3;
1600;30;3;
1600;30;5;
1600;29;1;
1600;30;5;
1600;23;1;
1600;30;4;
1600;30;3;
1600;30;2;
1600;30;5;
1600;30;3;
1600;30;5;
1600;30;3;
1800;30;3;
1800;30;5;
1800;30;2;
1800;30;3;
1800;30;3;
1800;30;4;
1800;30;4;
1800;30;4;
1800;30;4;
1800;30;2;
1800;30;4;
1800;30;3;
1800;30;3;
1800;30;5;
1800;30;3;
1800;30;3;
1800;30;4;
1800;30;4;
1800;30;6;
1800;30;3;
1800;30;2;
1800;30;6;
1800;30;6;
1800;30;3;
1800;30;5;
1800;30;3;
1800;30;3;
1800;30;3;
1800;30;3;
1800;30;3;
1800;30;5;
1800;30;2;
1800;30;4;
1800;30;3;
1800;30;3;
1800;30;2;
1800;30;3;
1800;30;2;
1800;30;3;
1800;30;3;
1800;30;4;
1800;30;3;
1800;30;4;
1800;30;3;
1800;30;5;
1800;20;1;
1800;30;2;
1800;30;4;
1800;30;2;
1800;30;2;
1800;30;1;
1800;30;4;
1800;30;2;
1800;30;7;
1800;30;3;
1800;30;2;
1800;30;2;
1800;30;4;
1800;30;4;
1800;30;4;
1800;30;3;
1800;30;2;
1800;28;1;
1800;30;5;
1800;30;4;
1800;30;4;
1800;30;5;
1800;30;3;
1800;30;3;
1800;30;4;
1800;30;3;
1800;30;1;
1800;30;3;
1800;26;1;
1800;30;4;
1800;30;6;
1800;30;4;
1800;30;3;
1800;30;1;
1800;30;4;
1800;30;4;
1800;30;4;
1800;30;2;
1800;30;4;
1800;30;3;
1800;30;5;
1800;21;1;
1800;30;5;
1800;30;3;
1800;30;3;
1800;30;5;
1800;30;4;
1800;30;3;
1800;30;2;
1800;30;3;
1800;30;4;
1800;30;3;
1800;30;5;
1800;30;3;
1800;30;4;
2000;30;4;
2000;30;4;
2000;30;4;
2000;30;3;
2000;30;3;
2000;30;3;
2000;30;3;
2000;30;4;
2000;30;4;
2000;30;3;
2000;30;2;
2000;30;7;
2000;30;4;
2000;30;3;
2000;30;3;
2000;30;2;
2000;30;3;
2000;30;6;
2000;30;3;
2000;30;5;
2000;30;5;
2000;30;2;
2000;30;4;
2000;30;3;
2000;30;6;
2000;30;6;
2000;30;2;
2000;30;5;
2000;30;2;
2000;30;4;
2000;30;3;
2000;30;6;
2000;30;6;
2000;30;4;
2000;30;3;
2000;30;3;
2000;30;4;
2000;30;3;
2000;30;4;
2000;30;4;
2000;30;3;
2000;30;4;
2000;30;3;
2000;28;1;
2000;30;4;
2000;30;3;
2000;30;2;
2000;30;4;
2000;30;2;
2000;30;4;
2000;30;5;
2000;30;6;
2000;30;2;
2000;30;4;
2000;30;4;
2000;30;4;
2000;30;4;
2000;30;4;
2000;30;4;
2000;30;4;
2000;30;4;
2000;30;5;
2000;30;3;
2000;30;3;
2000;30;5;
2000;30;4;
2000;30;4;
2000;30;5;
2000;30;3;
2000;30;3;
2000;30;4;
2000;30;3;
2000;30;3;
2000;30;5;
2000;30;4;
2000;30;3;
2000;30;3;
2000;30;5;
2000;30;3;
2000;30;5;
2000;30;3;
2000;30;4;
2000;30;5;
2000;30;4;
2000;30;4;
2000;30;4;
2000;30;4;
2000;30;3;
2000;30;3;
2000;30;4;
2000;30;6;
2000;30;4;
2000;30;3;
2000;30;6;
2000;30;4;
2000;30;5;
2000;30;3;
2000;30;4;
2000;30;3;
2000;30;3;
2200;30;5;
2200;30;2;
2200;30;4;
2200;30;4;
2200;30;3;
2200;30;3;
2200;30;6;
2200;30;4;
2200;30;4;
2200;30;3;
2200;30;5;
2200;30;3;
2200;30;4;
2200;30;3;
2200;30;5;
2200;30;2;
2200;30;5;
2200;30;4;
2200;30;4;
2200;30;5;
2200;30;5;
2200;30;3;
2200;30;3;
2200;30;3;
2200;30;2;
2200;30;5;
2200;30;4;
2200;30;3;
2200;30;3;
2200;30;3;
2200;30;4;
2200;30;3;
2200;30;3;
2200;30;4;
2200;30;4;
2200;30;2;
2200;30;2;
2200;30;3;
2200;30;4;
2200;30;5;
2200;30;2;
2200;30;3;
2200;30;4;
2200;30;3;
2200;30;5;
2200;30;4;
2200;30;2;
2200;30;6;
2200;30;5;
2200;30;5;
2200;30;3;
2200;30;7;
2200;30;2;
2200;30;3;
2200;30;2;
2200;30;4;
2200;30;5;
2200;30;4;
2200;30;2;
2200;30;3;
2200;30;4;
2200;30;7;
2200;30;4;
2200;30;5;
2200;30;4;
2200;30;3;
2200;30;2;
2200;30;3;
2200;30;3;
2200;30;4;
2200;30;6;
2200;30;4;
2200;30;5;
2200;30;5;
2200;30;3;
2200;30;3;
2200;30;4;
2200;30;3;
2200;30;2;
2200;30;4;
2200;30;3;
2200;30;6;
2200;30;3;
2200;30;3;
2200;30;5;
2200;30;3;
2200;30;3;
2200;30;2;
2200;30;2;
2200;30;4;
2200;30;4;
2200;30;5;
2200;30;2;
2200;30;1;
2200;30;5;
2200;30;4;
2200;30;4;
2200;30;3;
2200;30;2;
2200;30;5;
2400;30;4;
2400;30;4;
2400;30;3;
2400;30;3;
2400;30;3;
2400;30;4;
2400;30;3;
2400;30;7;
2400;30;5;
2400;30;5;
2400;30;5;
2400;30;4;
2400;30;5;
2400;30;4;
2400;30;7;
2400;30;5;
2400;30;4;
2400;30;4;
2400;30;5;
2400;30;3;
2400;30;5;
2400;30;3;
2400;30;2;
2400;30;2;
2400;30;5;
2400;30;5;
2400;30;3;
2400;30;4;
2400;30;4;
2400;30;5;
2400;30;2;
2400;30;5;
2400;30;4;
2400;30;5;
2400;30;5;
2400;30;5;
2400;30;4;
2400;30;5;
2400;30;4;
2400;30;4;
2400;30;4;
2400;30;5;
2400;30;3;
2400;30;4;
2400;30;6;
2400;30;6;
2400;30;4;
2400;30;4;
2400;30;3;
2400;30;5;
2400;30;4;
2400;30;4;
2400;30;2;
2400;30;6;
2400;30;6;
2400;30;4;
2400;30;5;
2400;30;5;
2400;30;2;
2400;30;3;
2400;30;6;
2400;30;4;
2400;30;7;
2400;30;4;
2400;30;3;
2400;30;3;
2400;30;5;
2400;30;3;
2400;30;3;
2400;30;2;
2400;30;5;
2400;30;5;
2400;30;5;
2400;30;5;
2400;30;3;
2400;30;4;
2400;30;3;
2400;30;5;
2400;30;5;
2400;30;3;
2400;30;3;
2400;30;4;
2400;30;3;
2400;30;3;
2400;30;3;
2400;30;3;
2400;30;5;
2400;30;4;
2400;30;3;
2400;30;6;
2400;30;4;
2400;30;2;
2400;30;3;
2400;30;3;
2400;30;3;
2400;30;4;
2400;30;2;
2400;30;5;
2400;30;5;
2400;30;4;
2600;30;3;
2600;30;3;
2600;30;3;
2600;30;3;
2600;30;6;
2600;30;5;
2600;30;4;
2600;30;3;
2600;30;5;
2600;30;7;
2600;30;4;
2600;30;3;
2600;30;5;
2600;30;2;
2600;30;3;
2600;30;2;
2600;30;3;
2600;30;3;
2600;30;3;
2600;30;7;
2600;30;4;
2600;30;4;
2600;30;2;
2600;30;6;
2600;30;3;
2600;30;3;
2600;30;2;
2600;30;3;
2600;30;6;
2600;30;3;
2600;30;5;
2600;30;5;
2600;30;5;
2600;30;3;
2600;30;2;
2600;30;3;
2600;30;4;
2600;30;4;
2600;30;5;
2600;30;5;
2600;30;5;
2600;30;3;
2600;30;4;
2600;30;2;
2600;30;5;
2600;30;4;
2600;30;4;
2600;30;4;
2600;30;4;
2600;30;5;
2600;30;4;
2600;30;4;
2600;30;5;
2600;30;4;
2600;30;5;
2600;30;4;
2600;30;5;
2600;30;5;
2600;30;3;
2600;30;5;
2600;30;5;
2600;30;3;
2600;30;5;
2600;30;5;
2600;30;3;
2600;30;2;
2600;30;5;
2600;30;5;
2600;30;6;
2600;30;5;
2600;30;5;
2600;21;1;
2600;30;4;
2600;30;3;
2600;30;6;
2600;30;5;
2600;30;3;
2600;30;2;
2600;30;3;
2600;30;6;
2600;30;3;
2600;30;5;
2600;30;3;
2600;30;2;
2600;30;4;
2600;30;3;
2600;30;5;
2600;30;4;
2600;30;6;
2600;30;4;
2600;30;4;
2600;30;5;
2600;30;4;
2600;30;4;
2600;30;5;
2600;30;3;
2600;30;6;
2600;30;5;
2600;30;5;
2600;30;6;
2800;30;5;
2800;30;4;
2800;30;4;
2800;28;1;
2800;30;4;
2800;30;5;
2800;30;4;
2800;30;4;
2800;30;7;
2800;30;3;
2800;30;4;
2800;30;2;
2800;30;5;
2800;30;4;
2800;30;3;
2800;30;6;
2800;30;7;
2800;30;5;
2800;30;2;
2800;30;4;
2800;30;3;
2800;30;5;
2800;30;4;
2800;30;4;
2800;30;4;
2800;30;5;
2800;30;3;
2800;30;5;
2800;30;4;
2800;30;4;
2800;30;4;
2800;30;2;
2800;30;6;
2800;30;3;
2800;30;5;
2800;30;5;
2800;30;4;
2800;30;3;
2800;30;5;
2800;30;5;
2800;30;5;
2800;30;5;
2800;30;5;
2800;30;6;
2800;30;2;
2800;30;4;
2800;30;3;
2800;30;3;
2800;30;3;
2800;30;5;
2800;30;5;
2800;30;4;
2800;30;3;
2800;30;5;
2800;30;3;
2800;30;2;
2800;30;3;
2800;30;4;
2800;30;4;
2800;30;4;
2800;30;3;
2800;30;4;
2800;30;3;
2800;30;8;
2800;30;6;
2800;30;4;
2800;30;3;
2800;30;3;
2800;30;4;
2800;30;5;
2800;30;4;
2800;30;5;
2800;30;4;
2800;30;3;
2800;30;8;
2800;30;3;
2800;30;4;
2800;30;4;
2800;30;3;
2800;30;6;
2800;30;3;
2800;30;2;
2800;30;3;
2800;30;4;
2800;30;3;
2800;30;5;
2800;30;2;
2800;30;4;
2800;30;4;
2800;30;3;
2800;30;5;
2800;30;5;
2800;30;6;
2800;30;6;
2800;30;1;
2800;30;6;
2800;30;4;
2800;30;6;
2800;30;5;
2800;30;4;
3000;30;4;
3000;30;4;
3000;30;4;
3000;30;5;
3000;30;3;
3000;30;6;
3000;30;4;
3000;30;5;
3000;30;2;
3000;30;4;
3000;30;3;
3000;30;6;
3000;30;4;
3000;30;6;
3000;30;4;
3000;30;6;
3000;30;5;
3000;30;6;
3000;30;5;
3000;30;4;
3000;30;6;
3000;30;5;
3000;30;5;
3000;30;5;
3000;30;3;
3000;30;3;
3000;30;5;
3000;30;3;
3000;30;7;
3000;30;5;
3000;30;5;
3000;30;5;
3000;30;3;
3000;30;3;
3000;30;4;
3000;30;5;
3000;30;6;
3000;30;3;
3000;30;6;
3000;30;7;
3000;30;3;
3000;30;5;
3000;30;7;
3000;30;3;
3000;30;4;
3000;30;3;
3000;30;3;
3000;30;6;
3000;30;6;
3000;30;6;
3000;30;3;
3000;30;2;
3000;30;6;
3000;30;3;
3000;30;4;
3000;30;5;
3000;30;5;
3000;30;2;
3000;30;5;
3000;30;3;
3000;30;3;
3000;30;4;
3000;30;3;
3000;30;6;
3000;30;5;
3000;30;3;
3000;30;3;
3000;30;5;
3000;30;5;
3000;30;5;
3000;30;5;
3000;30;4;
3000;30;4;
3000;30;3;
3000;30;4;
3000;30;4;
3000;30;7;
3000;30;5;
3000;30;6;
3000;30;6;
3000;30;4;
3000;30;5;
3000;30;4;
3000;30;5;
3000;30;3;
3000;30;4;
3000;30;3;
3000;30;5;
3000;30;7;
3000;30;5;
3000;30;7;
3000;30;3;
3000;30;5;
3000;30;8;
3000;30;3;
3000;30;7;
3000;30;4;
3000;30;5;
3000;30;5;
3000;30;4;
